i,j,okt_pos,polarity
12903,12684,최상급,2.0
5218,13088,통쾌,2.0
19514,3830,많다,2.0
11993,5118,미인,2.0
5300,333,감사,2.0
20107,4407,명쾌하다,2.0
25447,11346,정다운,2.0
20205,14730,쾌적하다,2.0
25400,1120,곱다,2.0
25230,7487,수월하다,2.0
5517,12453,착하다,2.0
20268,14712,섹시하다,2.0
20306,3821,만족하다,2.0
25103,9552,영광,2.0
25059,9930,우수,2.0
5818,8045,심쿵,2.0
24939,3813,만족스럽다,2.0
5850,1708,긍지,2.0
5902,824,겸손하다,2.0
20390,443,개운하다,2.0
24835,7861,신명,2.0
5933,3803,만족,2.0
24729,430,개선,2.0
24711,11106,잘생기다,2.0
24641,6471,빼어나다,2.0
20425,10267,으쓱,2.0
11292,348,감탄,2.0
6217,3918,맑은,2.0
11187,8831,야무지다,2.0
20490,12825,친절,2.0
11046,7423,솔직하다,2.0
19478,6644,사모,2.0
19449,10424,이득,2.0
4039,5191,바르게,2.0
25953,9944,우아하다,2.0
13418,11313,절친,2.0
4161,14503,흥행,2.0
13272,7631,슬기,2.0
18693,895,경쾌하다,2.0
4233,9745,완벽하다,2.0
26923,11645,조화로움,2.0
13214,10215,유익하다,2.0
13207,13244,편하다,2.0
26809,12679,최고급,2.0
18898,329,감미롭다,2.0
4574,1557,귀하다,2.0
4590,14439,흡족하다,2.0
26763,13700,행복하다,2.0
13044,6600,사랑스럽다,2.0
12973,9593,예쁘다,2.0
8844,926,고급스럽다,2.0
4758,7792,시원스럽다,2.0
4774,12677,최고,2.0
12890,3081,덕,2.0
18930,14126,활기,2.0
4827,11173,재미,2.0
19004,13210,편안,2.0
4879,925,고급,2.0
4886,995,고성능,2.0
19272,7106,성공,2.0
5046,9120,어여쁘다,2.0
26107,3452,떳떳하다,2.0
19353,3484,똑똑하다,2.0
12308,12477,찬양,2.0
24523,957,고마움,2.0
24503,446,개이득,2.0
11041,8103,싱글벙글,2.0
6418,9701,올바르다,2.0
23496,2479,너그럽다,2.0
23414,9753,완소,2.0
21575,11790,좋아하다,2.0
9833,11680,존잘,2.0
7731,13277,평탄하다,2.0
7926,13090,통쾌하다,2.0
7928,294,감격,2.0
21728,311,감동,2.0
8061,3524,뛰어나다,2.0
9496,10492,이익,2.0
8143,3950,맛있다,2.0
9424,12716,축복,2.0
22887,9871,용감하다,2.0
9397,6498,뿌듯하다,2.0
22833,7851,신나다,2.0
22832,7026,선하다,2.0
8370,12937,킹왕짱,2.0
8406,12517,참되고,2.0
21945,13969,호감,2.0
9267,274,간편하다,2.0
8474,969,고백,2.0
22827,3618,마스터피스,2.0
22772,12471,찬란하다,2.0
8669,13271,평온,2.0
8705,10169,위트,2.0
22504,14198,훈훈하다,2.0
22316,11679,존예,2.0
8942,7282,소중하다,2.0
22364,11156,장하다,2.0
23549,9578,영웅,2.0
10150,11648,조화롭다,2.0
21434,4334,멋지다,2.0
6812,831,경건하다,2.0
6422,12808,친근하다,2.0
20578,7206,세련되다,2.0
20589,4398,명성,2.0
6479,14163,황홀,2.0
24367,3298,든든하다,2.0
6668,10905,자상하다,2.0
24349,14461,흥겹다,2.0
24327,7798,시원시원하다,2.0
6787,11770,좋다,2.0
10786,10197,유능하다,2.0
6793,8109,싱싱하다,2.0
10781,14500,흥취,2.0
10774,10231,유쾌하다,2.0
6851,5081,미소,2.0
23754,7637,슬기롭다,2.0
10729,7962,실하다,2.0
10682,6583,사랑,2.0
6959,80,가능하다,2.0
21024,14489,흥이,2.0
21052,12087,즐겁다,2.0
10442,11321,점잖다,2.0
21129,10207,유명하다,2.0
24010,13985,호의,2.0
23962,980,고상하다,2.0
23908,14077,화사하다,2.0
21300,14436,흡족,2.0
21335,13263,평안하다,2.0
10324,13274,평온하다,2.0
18563,1520,귀요미,2.0
8885,14210,훌륭하다,2.0
28270,2880,단정하다,2.0
2440,9967,우월하다,2.0
2228,10212,유용하다,2.0
28965,11185,재미있다,2.0
897,7109,성공하다,2.0
28231,13218,편안하다,2.0
15063,13283,평화롭다,2.0
14366,4303,멋,2.0
14295,10133,위대하다,2.0
15064,8385,아리땁다,2.0
14288,14389,흐뭇하다,2.0
28017,13696,행복감,2.0
27998,12719,축하,2.0
2984,11151,장점,2.0
2501,7865,신바람,2.0
14268,11640,조화,2.0
15134,404,강추,2.0
14216,5292,발랄하다,2.0
14168,10868,자랑스럽다,2.0
2869,14151,활발하다,2.0
1410,3913,맑다,2.0
15262,1522,귀중하다,2.0
2909,10289,은혜롭다,2.0
15373,14122,환하다,2.0
28948,12833,친하다,2.0
16648,1783,기쁘다,2.0
28238,6821,상쾌하다,2.0
2184,1173,공정하다,2.0
1237,1973,깔끔하다,2.0
1497,1517,귀엽다,2.0
17163,12900,쾌활하다,2.0
28650,9502,열광,2.0
28737,12198,지혜,2.0
14831,7515,순결,2.0
1091,12951,탁월하다,2.0
28576,2978,대단하다,2.0
17106,9689,온화하다,2.0
17312,5936,부지런하다,2.0
1083,465,거뜬하다,2.0
28554,14699,힘차다,2.0
1677,8100,싱그럽다,2.0
1757,9931,우수하다,2.0
14975,9557,영롱하다,2.0
15037,10473,이쁘다,2.0
28920,968,고맙다,2.0
14647,1637,근사하다,2.0
14593,14165,황홀하다,2.0
4017,5184,바람직하다,2.0
14543,3951,맛집,2.0
593,11341,정겹다,2.0
14129,12437,착실하다,2.0
3014,13445,하드캐리,2.0
3679,14843,득점,2.0
3379,3357,따뜻하다,2.0
18336,12827,친절하다,2.0
350,1305,굉장하다,2.0
29388,12051,즐거움,2.0
18366,14164,황홀감,2.0
16158,10284,은혜,2.0
27351,666,건장하다,2.0
3620,638,건강하다,2.0
3729,6709,산뜻하다,2.0
3312,4386,명랑하다,2.0
158,8378,아름답다,2.0
18414,4328,멋있다,2.0
27160,5233,반갑다,2.0
13668,2015,깨끗하다,2.0
3856,7694,승리,2.0
114,13910,혁신,2.0
18503,262,간절하다,2.0
16040,9189,어진,2.0
27513,4400,명예,2.0
15649,4329,멋쟁이,2.0
27514,13695,행복,2.0
3277,12868,칭찬,2.0
14043,1791,기쁨,2.0
29303,8604,안전,2.0
13885,6770,상냥하다,2.0
27596,14844,상위,2.0
15405,13122,특권,2.0
28707,2835,다정하다,2.0
29325,13208,편리하다,2.0
16381,9503,열광하다,2.0
16617,12357,짜릿하다,1.0
16151,14087,화합,1.0
9051,7537,순순하다,1.0
21839,1245,괜찮다,1.0
21828,12761,충성,1.0
15315,2515,넉넉하다,1.0
22228,10096,원통,1.0
21676,415,강하다,1.0
10638,12616,천사,1.0
21191,3502,뚜렷하다,1.0
10144,10071,원동력,1.0
15780,2539,넘사벽,1.0
15320,12634,철저하다,1.0
9616,7488,수익,1.0
8958,2831,다양하다,1.0
16395,2990,대상,1.0
15982,2190,끈기,1.0
9759,9896,용하다,1.0
21251,7266,소망,1.0
14985,9377,업적,1.0
10199,3213,두드러지다,1.0
21450,6432,빠르다,1.0
10239,10913,자신감,1.0
21827,14573,히든카드,1.0
15186,6489,뽀록,1.0
16577,11223,저렴하다,1.0
15693,11494,제대로,1.0
15219,11681,존중,1.0
16219,14278,휴식,1.0
22056,3000,대접,1.0
9799,14171,회복하다,1.0
16779,12935,클라스,1.0
16282,5658,보람,1.0
22067,3927,맛깔나다,1.0
9097,2187,꿋꿋하다,1.0
22184,14470,흥미,1.0
15748,7151,성숙하다,1.0
13474,1579,그러하다,1.0
14862,2042,깨달음,1.0
18282,10565,인기,1.0
13728,5137,믿음,1.0
18347,7869,신선하다,1.0
13796,13920,현명하다,1.0
13809,10952,자질,1.0
19083,152,가뿐하다,1.0
19131,13129,특이하다,1.0
19289,12660,초월,1.0
14860,13725,향상,1.0
19316,3138,도움,1.0
12342,13296,포근하다,1.0
18109,12535,참으로,1.0
12251,3075,더하다,1.0
12225,7830,식견,1.0
18008,2947,당당하다,1.0
12932,12751,충분하다,1.0
13036,14586,히죽,1.0
13703,9491,연애,1.0
18394,3580,로맨티시즘,1.0
18886,8789,애착,1.0
13076,6946,서늘하다,1.0
13117,13137,튼튼하다,1.0
18796,3150,독보적,1.0
13205,117,가르침,1.0
13206,14189,후련하다,1.0
13223,5873,부자,1.0
18419,1320,교양,1.0
18498,14059,화려하다,1.0
13315,9195,어질다,1.0
13363,8781,애정,1.0
13544,11454,정열,1.0
18540,10259,융통성,1.0
12206,12245,진실,1.0
19492,3472,또렷하다,1.0
12035,14721,대견하다,1.0
20414,1007,고요함,1.0
17255,2185,꿀잼,1.0
14750,5664,보배,1.0
10791,3368,따름,1.0
20660,13359,품위,1.0
10812,9528,열정,1.0
17391,435,개성,1.0
10892,11316,젊다,1.0
17525,11336,정,1.0
20564,5828,부드럽다,1.0
11037,3211,두근거리다,1.0
17565,8590,안목,1.0
14550,1748,기막히다,1.0
11293,11261,적당하다,1.0
14503,11285,전성,1.0
11353,14536,희망,1.0
14111,12891,케미,1.0
11395,7875,신중하다,1.0
14496,14476,흥미롭다,1.0
14475,13960,혜택,1.0
17618,8672,알맞다,1.0
11406,7511,수혜,1.0
20371,9585,예방,1.0
17799,8613,안정,1.0
11670,4335,멋진,1.0
14238,7388,속죄,1.0
20231,13535,할인,1.0
17972,3158,독특하다,1.0
17973,12683,최상,1.0
11870,12813,친밀하다,1.0
19819,11656,존경,1.0
7,9875,용기,1.0
8339,11457,정의롭다,1.0
8837,12228,진리,1.0
6206,10379,의욕,1.0
26510,11395,정상,1.0
26522,9725,옳다,1.0
4682,12476,찬사,1.0
4523,5056,미끈하다,1.0
4488,2117,꼼꼼하다,1.0
4464,10081,원망,1.0
4436,13501,한마음,1.0
4414,14485,흥분하다,1.0
4386,7236,소득,1.0
4350,12583,책임감,1.0
26911,780,견고하다,1.0
4291,2601,놀랍다,1.0
26926,13374,풍부하다,1.0
4134,7603,쉴드,1.0
26992,2395,낫다,1.0
4016,1734,기대하다,1.0
3966,8594,안심,1.0
4784,5302,발전,1.0
26373,7480,수수하다,1.0
26283,13123,특별하다,1.0
5285,12532,참신하다,1.0
24719,9867,용감,1.0
5906,9425,엘리트,1.0
24875,1615,그립다,1.0
25138,12034,중요하다,1.0
25212,13493,한결같다,1.0
5355,11161,재능,1.0
25584,10471,이벤트,1.0
25728,2636,높다,1.0
26218,13258,평등하다,1.0
25735,9501,열공,1.0
25749,12483,찬찬하다,1.0
25764,12777,측은,1.0
25766,7042,설레다,1.0
25907,4551,몸짱,1.0
26038,9989,운,1.0
26201,2911,달콤하다,1.0
3922,8151,썸,1.0
3787,7114,성교,1.0
27371,1606,그리움,1.0
29159,9897,용한,1.0
1070,1087,곧다,1.0
28899,14846,안정감,1.0
28992,1993,깜찍하다,1.0
795,9561,영리하다,1.0
787,7530,순수하다,1.0
761,5979,분명하다,1.0
759,8605,안전하다,1.0
594,391,강세,1.0
1211,7807,시원하다,1.0
29313,8246,씩씩하다,1.0
406,5443,버프,1.0
29438,7856,신뢰,1.0
205,7010,선량하다,1.0
138,1177,공평하다,1.0
137,11194,재주,1.0
29604,3123,도리,1.0
28884,7850,신기하다,1.0
28673,10886,자비,1.0
27400,13422,필수,1.0
28037,14078,화음,1.0
3376,4001,매끄럽다,1.0
3326,392,강인하다,1.0
27631,2399,낭만,1.0
27752,11208,재치,1.0
2893,13025,탕평,1.0
27942,10242,윤기,1.0
2521,11252,적극,1.0
28203,12896,쾌감,1.0
28605,13353,품격,1.0
28254,6929,생생하다,1.0
28412,11277,적합하다,1.0
28531,10587,인정,1.0
1808,14098,확실하다,1.0
28573,7512,수혜자,1.0
28579,6420,빛,1.0
28582,7901,실속,1.0
24652,8581,안도,1.0
26436,2307,날씬하다,1.0
15887,12887,캐리,1.0
8616,9604,예의,1.0
24289,14839,신비롭다,1.0
23677,11282,전문가,1.0
6866,1336,교훈,1.0
23139,2962,대가,1.0
8268,220,가치,1.0
7648,4301,멀쩡하다,1.0
7640,1725,기대,1.0
8440,7562,순하다,1.0
15855,1584,그럴듯하다,1.0
24449,12691,최적화,1.0
8421,13653,해학,1.0
8588,9747,완성,1.0
6800,2759,능력,1.0
6533,3069,더없이,1.0
24485,5263,반하다,1.0
23518,9760,완전하다,1.0
24123,12973,탄탄하다,1.0
24496,12774,취존,1.0
6675,12805,친구,1.0
22882,7013,선명하다,1.0
22486,1693,긍정,1.0
23116,418,강화하다,1.0
24049,7197,성하다,1.0
6248,9451,여유,1.0
24526,5671,보송보송하다,1.0
22440,10929,자연스럽다,1.0
23854,5494,벗,1.0
24042,10715,자긍심,1.0
22391,5460,번하다,1.0
7181,12263,진정하다,1.0
7220,14167,회개,1.0
6439,14516,희다,1.0
13025,7088,성,0.0
4114,9644,오점,0.0
4878,13385,피,0.0
2329,4431,모양,0.0
10697,10537,익살스럽다,0.0
26779,11739,종횡무진,0.0
9215,7502,수줍다,0.0
4211,4759,못,0.0
28092,5845,부르르,0.0
27083,10113,원하다,0.0
15754,5444,벅차다,0.0
11042,5416,버릇,0.0
22615,3554,뜨겁다,0.0
23180,7468,수선,-1.0
27792,799,결점,-1.0
27796,4905,무능하다,-1.0
27913,12341,징징거리다,-1.0
17900,7087,섭하다,-1.0
23219,96,가래,-1.0
27986,11968,주춤,-1.0
27997,4927,무리하다,-1.0
17745,6447,빵꾸똥꾸,-1.0
21791,14108,환자,-1.0
21609,9785,외롭다,-1.0
28235,251,간사하다,-1.0
21672,2404,낭비하다,-1.0
17734,6687,사치,-1.0
28441,5844,부럽다,-1.0
23160,11605,조마조마하다,-1.0
17733,5948,부패하다,-1.0
28343,9342,얼얼하다,-1.0
17702,269,간질,-1.0
28117,5777,부끄럽다,-1.0
28286,14714,긴박하다,-1.0
23165,4473,모호하다,-1.0
23051,201,가엾다,-1.0
28145,12115,지경,-1.0
17669,8099,싱겁다,-1.0
28881,10970,잔소리,-1.0
17302,5919,부족,-1.0
29384,8559,악취,-1.0
29252,6303,비방,-1.0
29282,14719,아슬아슬하다,-1.0
29331,13694,행방불명,-1.0
16333,8145,썩소,-1.0
16312,5722,복잡하다,-1.0
29378,2314,낡다,-1.0
22223,1378,구토,-1.0
16177,13542,함부로,-1.0
17284,14760,버럭,-1.0
16168,12802,칙칙하다,-1.0
22520,8471,아찔하다,-1.0
29475,14822,흑흑,-1.0
16124,7083,섭섭하다,-1.0
16119,1061,고함,-1.0
29496,14823,고리타분하다,-1.0
22326,4928,무모하다,-1.0
29147,9651,오해,-1.0
16574,3509,뚱뚱하다,-1.0
22691,12337,징그럽다,-1.0
22795,281,갈팡질팡,-1.0
22966,6546,사납다,-1.0
22961,12144,지다,-1.0
28679,6374,비판,-1.0
17216,13774,허약하다,-1.0
27765,10612,일류,-1.0
17019,8124,싸움,-1.0
16848,1185,공허하다,-1.0
16798,14263,훼방,-1.0
28923,3107,덥다,-1.0
28937,13975,호갱,-1.0
29061,11218,저급,-1.0
29105,4489,몰래,-1.0
16627,13867,험하다,-1.0
22025,2421,낯설다,-1.0
22048,166,가소롭다,-1.0
17981,2951,당하다,-1.0
20446,2926,답답하다,-1.0
23335,808,결함,-1.0
19805,2401,낭비,-1.0
19586,13395,피곤하다,-1.0
24425,10129,위기,-1.0
19527,7835,식상하다,-1.0
19523,3149,독감,-1.0
24385,340,감옥,-1.0
24354,14850,갈등,-1.0
25844,14028,홀로,-1.0
25897,2559,노름,-1.0
19441,162,가쁜,-1.0
25982,4888,무관심,-1.0
19372,14715,무시무시하다,-1.0
26028,13790,허전하다,-1.0
24264,11227,저리다,-1.0
20749,6689,사치스럽다,-1.0
19255,6167,불운,-1.0
19160,12738,충격,-1.0
26370,9383,없다,-1.0
19598,3930,맛없다,-1.0
25669,3619,마약,-1.0
27759,8411,아쉽다,-1.0
19903,12662,초조,-1.0
20429,14319,흉터,-1.0
24582,1845,기침,-1.0
24555,9987,우치,-1.0
24686,5524,벼르다,-1.0
20403,8601,안쓰럽다,-1.0
20452,4280,먹튀,-1.0
20384,14555,희미하다,-1.0
24968,7844,신경질,-1.0
25109,14830,찜찜하다,-1.0
20265,10871,자리다,-1.0
25355,948,고름,-1.0
20214,7047,설사,-1.0
25573,7458,수꼴,-1.0
19999,10151,위조,-1.0
19973,12361,짜증나다,-1.0
19952,14798,쓴웃음,-1.0
20537,2753,능글능글하다,-1.0
19016,8896,약하다,-1.0
20759,2493,너저분하다,-1.0
26376,10323,음침하다,-1.0
20784,11674,존망,-1.0
23711,8577,안달,-1.0
18427,3311,듣보잡,-1.0
27150,12429,차마,-1.0
21445,9645,오크,-1.0
27256,1190,공황장애,-1.0
24577,13324,폭행,-1.0
27463,14737,뜨끔하다,-1.0
27485,10224,유치하다,-1.0
18325,10614,일부러,-1.0
23593,12181,지지,-1.0
27559,12293,질투,-1.0
18260,9114,어수선하다,-1.0
21453,833,경련,-1.0
18204,5367,방탕하다,-1.0
18134,9831,욕심,-1.0
27663,10956,자책,-1.0
21527,12151,지루하다,-1.0
27044,14641,힘없다,-1.0
18526,1074,곤란하다,-1.0
23778,14397,흐지부지,-1.0
24016,5065,미띤,-1.0
22356,12378,짧다,-1.0
26467,4281,먼지,-1.0
20833,12342,징징대다,-1.0
20915,3254,둔하다,-1.0
24100,7279,소음,-1.0
18779,2577,노잼,-1.0
18746,12300,짐,-1.0
23991,4425,모순,-1.0
21350,191,가엽다,-1.0
18657,14799,씁쓸하다,-1.0
26928,12617,천식,-1.0
18653,12513,참담하다,-1.0
18625,1312,교만하다,-1.0
23818,11859,좌빨,-1.0
18600,9078,어색하다,-1.0
26956,7629,스포,-1.0
27454,5219,바이러스,-1.0
15179,1292,괴물,-1.0
15854,8979,어둑하다,-1.0
5952,6999,서투르다,-1.0
9039,5887,부정,-1.0
8935,14270,훼손,-1.0
8899,8415,아오안,-1.0
8827,5555,병맛,-1.0
8795,7826,시큰둥하다,-1.0
8765,12402,찌꺼기,-1.0
8736,6748,살해,-1.0
8701,5869,부심,-1.0
8484,13886,헛소리,-1.0
8240,422,같잖다,-1.0
8130,13300,포기,-1.0
7960,13183,패배,-1.0
7805,9223,억세다,-1.0
7702,9800,요란하다,-1.0
7638,14610,힐난,-1.0
7518,5486,범죄자,-1.0
7304,9139,어이없다,-1.0
7236,14343,흐느껴,-1.0
7122,5051,미개하다,-1.0
6893,11945,주작,-1.0
6792,882,경솔하다,-1.0
6700,7130,성급하다,-1.0
6691,1690,급하다,-1.0
6421,10141,위법,-1.0
6306,13235,편애,-1.0
6227,4413,모르거나,-1.0
6225,8265,아깝다,-1.0
6177,7864,신물,-1.0
5996,12614,천박하다,-1.0
9099,13498,한계,-1.0
9124,12729,출혈,-1.0
9180,14789,곤욕,-1.0
10768,1946,까비,-1.0
12011,12974,탈,-1.0
11978,2336,남부럽다,-1.0
11936,4883,무겁다,-1.0
11854,10194,유감,-1.0
11822,818,결핵,-1.0
11779,13516,한심하다,-1.0
11472,13085,통증,-1.0
11304,14808,적적하다,-1.0
11282,10155,위축,-1.0
11091,9327,얼떨떨하다,-1.0
10988,10370,의심스럽다,-1.0
10905,8314,아득하다,-1.0
10888,10482,이상하다,-1.0
10652,10410,의회,-1.0
9378,11999,죽음,-1.0
10519,13914,현기증,-1.0
10415,2734,느리다,-1.0
10390,5172,밋밋하다,-1.0
10355,13503,한숨,-1.0
10353,3119,도둑,-1.0
10282,1198,과로,-1.0
10219,7917,실수,-1.0
9990,5864,부스럼,-1.0
9907,2677,눈물,-1.0
9801,743,게으르다,-1.0
9760,744,게으름,-1.0
9683,360,갑갑하다,-1.0
9440,9185,어지럽다,-1.0
5975,12623,천하다,-1.0
5820,13747,허무,-1.0
12168,9208,어처구니없다,-1.0
5645,1963,깐깐하다,-1.0
3297,9633,오싹,-1.0
3233,11704,좀도둑,-1.0
3183,12850,침침하다,-1.0
2943,10070,원대하다,-1.0
2870,11179,재미없다,-1.0
2864,1985,깜놀,-1.0
2825,5922,부족하다,-1.0
2568,1950,까칠하다,-1.0
2417,12702,추위,-1.0
2377,11504,제멋대로,-1.0
2369,12022,중독,-1.0
2325,1541,귀찮다,-1.0
2200,3611,마비,-1.0
2097,1995,깝,-1.0
1915,11863,좌좀,-1.0
1903,6380,비평,-1.0
1610,11219,저급하다,-1.0
1440,10650,일진,-1.0
1204,2349,남용,-1.0
938,2299,난폭하다,-1.0
915,9638,오염,-1.0
696,14585,히스테리,-1.0
665,1467,권태,-1.0
592,9941,우습다,-1.0
563,14400,흐트러져,-1.0
495,1192,과격하다,-1.0
491,2564,노숙자,-1.0
302,8533,악당,-1.0
272,10362,의심,-1.0
3303,3581,루머,-1.0
3443,6078,불리하다,-1.0
3474,389,강박,-1.0
5078,9265,억지스럽다,-1.0
5600,14840,아리송하다,-1.0
5520,5765,부끄러움,-1.0
5424,11634,조잡하다,-1.0
5389,5538,변태,-1.0
5345,11735,종말,-1.0
5311,2735,느릿느릿,-1.0
5282,13592,함정,-1.0
5268,14807,음울하다,-1.0
5229,690,겁,-1.0
5224,14791,난해하다,-1.0
5214,2092,껄끄러운,-1.0
5151,13113,트롤,-1.0
5087,4904,무능력,-1.0
5072,9777,외로워,-1.0
3495,2098,꼬락서니,-1.0
5043,14851,의혹,-1.0
5020,12147,지루,-1.0
4821,9486,연민,-1.0
4730,8984,어둡다,-1.0
4700,7386,속절없다,-1.0
4515,8404,아쉬움,-1.0
4429,613,걱정스럽다,-1.0
4328,12667,초조하다,-1.0
4235,11287,전염병,-1.0
4026,5293,발연기,-1.0
3830,1013,고작,-1.0
3826,1318,교묘하다,-1.0
3573,6348,비정상,-1.0
12136,6740,살인,-1.0
29636,1638,근심,-1.0
14820,8166,쑥스럽다,-1.0
15670,2505,너프,-1.0
15766,13416,피해,-1.0
12755,14557,희박하다,-1.0
13896,13400,피로,-1.0
14359,9085,어설프다,-1.0
13057,4507,몸살,-1.0
13715,2616,놀림,-1.0
13628,5969,분란,-1.0
13260,8593,안습,-1.0
15502,10704,잉여,-1.0
13068,9243,억지로,-1.0
15207,14785,가련하다,-1.0
13208,4911,무뚝뚝하다,-1.0
14680,8745,앞잡이,-1.0
13648,14759,발칙하다,-1.0
14369,6242,불행,-1.0
13167,1877,길막,-1.0
13786,5090,미안하다,-1.0
13737,14742,아뿔싸,-1.0
15414,9933,우스꽝스럽다,-1.0
12701,3430,떠들썩하다,-1.0
13288,7461,수두,-1.0
13324,9239,억지,-1.0
13341,1001,고열,-1.0
13494,9437,여리다,-1.0
12266,14825,심드렁하다,-1.0
12548,9471,역경,-1.0
12748,4430,모시,-1.0
14107,9637,오싹하다,-1.0
14151,303,감기,-1.0
15505,13751,허무하다,-1.0
14180,1916,까다롭다,-1.0
13966,12673,촌스럽다,-1.0
12326,1017,고집,-1.0
14991,5785,부당하다,-1.0
13605,11611,조바심,-1.0
13678,868,경박하다,-1.0
26377,11883,죄수,-2.0
26385,5778,부담,-2.0
4704,5885,부적절하다,-2.0
26405,14629,힘들다,-2.0
26411,14032,화,-2.0
14852,3055,더럽다,-2.0
4728,7764,시샘,-2.0
17227,6181,불쾌하다,-2.0
19469,9956,우울,-2.0
26602,9818,욕,-2.0
26752,9961,우울하다,-2.0
27105,9197,어쭙잖다,-2.0
17139,12359,짜증,-2.0
27058,3771,마이너스,-2.0
27047,14826,지긋지긋하다,-2.0
3992,714,겁쟁이,-2.0
27043,13202,편두통,-2.0
27021,1257,괴로움,-2.0
17147,14783,잡놈,-2.0
4060,6251,불협화음,-2.0
4162,11288,전전긍긍,-2.0
4192,14815,찡하다,-2.0
17152,14101,환상,-2.0
14874,11158,재난,-2.0
17172,8204,쓸데없다,-2.0
26781,14746,개새끼,-2.0
14873,13524,한탄,-2.0
4653,6025,분통,-2.0
26845,12553,창녀,-2.0
17378,12569,창피하다,-2.0
4828,7295,소홀하다,-2.0
25129,8227,쓸쓸하다,-2.0
17688,5940,부진하다,-2.0
25546,6363,비탄,-2.0
25468,8544,악성,-2.0
25460,3783,막연하다,-2.0
5384,6120,불신,-2.0
14346,4757,몹쓸,-2.0
25350,6274,비극,-2.0
14345,12025,중상,-2.0
14263,14405,흑역사,-2.0
14249,8930,얄밉다,-2.0
5624,6986,서운하다,-2.0
4850,12145,지독하다,-2.0
14181,6416,빚,-2.0
5673,806,결핍,-2.0
25006,4903,무뇌충,-2.0
5847,12260,진절머리,-2.0
24930,12609,천박,-2.0
24917,14853,횡령,-2.0
5875,6142,불안감,-2.0
5930,9066,어리석음,-2.0
24811,10712,자괴감,-2.0
14142,2727,느끼하다,-2.0
5307,6954,서러움,-2.0
25634,5449,번거롭다,-2.0
5298,10382,의인,-2.0
25694,12953,탁하다,-2.0
14771,7273,소용없다,-2.0
14699,14848,실점,-2.0
26215,2661,뇌출혈,-2.0
5058,6722,살기,-2.0
26162,5879,부자연스럽다,-2.0
3819,1408,굴욕,-2.0
26084,13937,협박,-2.0
26046,12283,질색,-2.0
14692,3394,딱하다,-2.0
17410,3147,독,-2.0
25988,14041,화기,-2.0
5112,1184,공포증,-2.0
25950,6804,상처,-2.0
5196,8649,안타깝다,-2.0
14671,60,가난하다,-2.0
17604,7068,섬뜩하다,-2.0
14395,932,고난,-2.0
5251,7979,싫어지다,-2.0
5281,12256,진저리,-2.0
17683,4986,무자비하다,-2.0
25714,6381,비합리적,-2.0
14900,49,가난,-2.0
3349,5461,벌,-2.0
3581,1597,그릇되다,-2.0
28813,6271,비굴하다,-2.0
901,8565,악하다,-2.0
16126,14849,오류,-2.0
16135,5961,분나,-2.0
981,2292,난잡하다,-2.0
995,13627,해롭다,-2.0
1026,9642,오용,-2.0
1080,1591,그른,-2.0
1089,8168,쓰라리다,-2.0
28824,7679,슬픔,-2.0
28792,5409,버겁다,-2.0
887,1634,극혐,-2.0
15761,13186,패배하다,-2.0
15732,8017,심술,-2.0
1445,9050,어리석다,-2.0
1508,10024,울음소리,-2.0
28652,6174,불쾌감,-2.0
1581,6105,불면증,-2.0
28610,10023,울음,-2.0
15686,6365,비통하다,-2.0
1616,8804,애통하다,-2.0
28987,9621,오도,-2.0
862,14290,흉악,-2.0
1637,3151,독사,-2.0
368,12794,치욕스럽다,-2.0
76,506,거북하다,-2.0
29593,4468,모질다,-2.0
29564,14747,괘씸하다,-2.0
29547,8797,애처롭다,-2.0
29535,8043,심장병,-2.0
100,8764,애달프다,-2.0
162,9283,언짢다,-2.0
15974,7932,실없다,-2.0
15976,6664,사악하다,-2.0
440,14079,화재,-2.0
803,8550,악연,-2.0
29346,6241,불합리,-2.0
15818,5347,방정,-2.0
15986,11137,장애,-2.0
535,2393,납치,-2.0
15781,2405,낭패,-2.0
16100,7600,쉰,-2.0
29280,5474,범죄,-2.0
15774,2567,노여움,-2.0
715,1045,고통스럽다,-2.0
28581,5301,발작,-2.0
1645,14765,빌어먹을,-2.0
27345,8038,심오하다,-2.0
3252,6319,비열하다,-2.0
2826,6044,분한,-2.0
27801,6252,불화,-2.0
16612,12607,처참하다,-2.0
2888,7385,속임수,-2.0
15181,5162,밉다,-2.0
3106,13795,허접스럽다,-2.0
66,3249,두통,-2.0
16631,10218,유죄,-2.0
27600,14817,처량하다,-2.0
27582,12687,최악,-2.0
15398,14802,왕따,-2.0
15061,7309,속상하다,-2.0
15047,6128,불쌍하다,-2.0
27508,1032,고충,-2.0
15023,7987,싫어하다,-2.0
3460,12278,질병,-2.0
27451,14794,망연자실,-2.0
16907,12162,지옥,-2.0
3537,13201,편견,-2.0
14916,9031,어렵다,-2.0
15223,3782,막막하다,-2.0
2560,8384,아리다,-2.0
1649,14831,꼴불견,-2.0
2208,9067,어리숙하다,-2.0
1671,14745,개자식,-2.0
1850,12793,치욕,-2.0
15598,2550,노답,-2.0
28346,14810,죄송하다,-2.0
1989,8888,약점,-2.0
28336,12113,지겹다,-2.0
2011,14782,웬수,-2.0
2045,7706,시기하다,-2.0
16250,8855,야속하다,-2.0
16307,6097,불만족,-2.0
2474,6802,상심,-2.0
28160,10313,음기,-2.0
28158,6959,서럽다,-2.0
15465,11059,잘못,-2.0
2383,9539,염증,-2.0
2405,998,고약하다,-2.0
28090,2302,난하다,-2.0
28069,3953,망상,-2.0
28049,8529,아픔,-2.0
2412,14814,짠하다,-2.0
5988,7099,성가시다,-2.0
14102,4939,무서움,-2.0
24684,8842,야비하다,-2.0
10737,11148,장애인,-2.0
10441,3975,망하다,-2.0
21112,9969,우중충하다,-2.0
12719,13876,헛되이,-2.0
19093,4345,멍청하다,-2.0
20932,6698,삭막하다,-2.0
10673,7270,소외,-2.0
20902,14816,착잡하다,-2.0
10723,7801,시원찮다,-2.0
20796,12365,짜증스럽다,-2.0
20766,5005,무책임하다,-2.0
19063,6741,살인자,-2.0
20763,14618,힘겹다,-2.0
10747,14812,죄책감,-2.0
19111,9232,억울하다,-2.0
20695,12712,추하다,-2.0
10795,4805,못마땅하다,-2.0
20606,10115,원한,-2.0
20603,5473,범인,-2.0
20598,11684,졸도,-2.0
10819,14752,니미,-2.0
21172,10577,인색하다,-2.0
10383,12411,찝찝하다,-2.0
9049,9476,역정,-2.0
18737,7717,시끄럽다,-2.0
22155,12312,짓궂다,-2.0
22073,8002,싫증,-2.0
9134,5938,부진,-2.0
9287,13288,폐렴,-2.0
21850,5004,무책임,-2.0
9319,8552,악의,-2.0
21837,50,가난뱅이,-2.0
18660,6189,불편,-2.0
21796,861,경멸,-2.0
9728,3219,두려움,-2.0
12795,4367,멘붕,-2.0
9732,6067,불량,-2.0
21653,4438,모욕,-2.0
21621,602,걱정,-2.0
13123,6108,불법,-2.0
21571,5941,부질없다,-2.0
9932,6296,비련,-2.0
21486,8545,악순환,-2.0
18873,405,강탈,-2.0
10213,8074,심하다,-2.0
12708,6060,불균형,-2.0
20569,12703,추잡하다,-2.0
19134,1109,곰팡이,-2.0
11926,1289,괴멸,-2.0
20223,14193,후회,-2.0
11727,5963,분노,-2.0
11744,4779,못난이,-2.0
20184,4356,메스꺼움,-2.0
11755,6440,빡치다,-2.0
20028,11864,죄,-2.0
20015,4962,무섭다,-2.0
19278,13397,피꺼솟,-2.0
12492,7757,시비,-2.0
19829,2203,끔찍하다,-2.0
20562,1918,까마득하다,-2.0
12469,218,가짜,-2.0
19811,2251,나쁘다,-2.0
11957,7898,실망하다,-2.0
19804,7752,시망,-2.0
19803,6387,빈대,-2.0
12365,4462,모진,-2.0
12086,5546,병,-2.0
12133,11237,저주,-2.0
12229,5112,미워하다,-2.0
11697,8566,악한,-2.0
20251,6023,분탕,-2.0
20252,2280,나태하다,-2.0
20255,6310,비싸다,-2.0
20557,12654,초라하다,-2.0
20546,5257,반역,-2.0
20507,6358,비참하다,-2.0
20491,8220,쓸모없다,-2.0
19211,7770,시시하다,-2.0
11115,6041,분하다,-2.0
19246,5967,분노하다,-2.0
19249,8538,악마,-2.0
20426,6210,불평등,-2.0
11329,5214,바보,-2.0
11345,6027,분풀이,-2.0
11388,12546,참혹하다,-2.0
11401,12965,탄식,-2.0
11421,13877,헛된,-2.0
11452,5780,부담스럽다,-2.0
20337,3066,더부룩하다,-2.0
12679,1281,괴롭다,-2.0
11474,935,고달프다,-2.0
11571,5860,부상,-2.0
9089,7628,스트레스,-2.0
13380,5404,배은망덕,-2.0
6066,10176,위험하다,-2.0
7258,9955,우악스럽다,-2.0
24211,9533,열폭,-2.0
24192,5954,분개하다,-2.0
24170,2574,노예,-2.0
24138,14818,처절하다,-2.0
13874,6943,서글프다,-2.0
24117,14795,망연자실하다,-2.0
7109,6140,불안,-2.0
13863,4982,무의미하다,-2.0
7170,11296,절망,-2.0
13760,4913,무례하다,-2.0
6806,11417,정신병,-2.0
7315,6357,비참,-2.0
7434,12884,칼빵,-2.0
7463,13158,파괴,-2.0
7545,9957,우울증,-2.0
7571,1357,구역질,-2.0
7625,3243,두렵다,-2.0
23631,7056,설움,-2.0
23616,8560,악플,-2.0
7651,6211,불평등하다,-2.0
24229,13607,해,-2.0
18226,9579,영정,-2.0
8988,5918,부조화,-2.0
12213,3966,망신,-2.0
6093,2501,너절하다,-2.0
24628,9010,어려움,-2.0
24594,6248,불행하다,-2.0
18078,533,거짓말,-2.0
6205,8287,아니꼽다,-2.0
18087,10092,원망하다,-2.0
18104,6279,비난,-2.0
6275,10019,울분,-2.0
6280,9866,욕함,-2.0
6345,480,거만하다,-2.0
24304,13316,폭력,-2.0
6405,14302,흉악하다,-2.0
24445,14034,화가,-2.0
24439,531,거짓,-2.0
6450,8288,아니다,-2.0
6635,10317,음모,-2.0
6641,14348,흐느낌,-2.0
18203,12105,증오,-2.0
24341,6152,불안하다,-2.0
24305,9359,업귀,-2.0
7674,13470,하찮다,-2.0
7677,7892,실망,-2.0
18393,5880,부작용,-2.0
22500,6208,불평,-2.0
22822,2488,너무하다,-2.0
8519,12174,지저분하다,-2.0
8540,9268,억척스럽다,-2.0
22764,14716,살벌하다,-2.0
22742,6200,불편하다,-2.0
8552,8849,야속,-2.0
22683,1181,공포,-2.0
8607,9826,욕설,-2.0
13594,4342,멍청이,-2.0
22494,6081,불만,-2.0
23490,7672,슬프다,-2.0
22483,10328,음흉하다,-2.0
13480,6849,상함,-2.0
8807,12780,측은하다,-2.0
22383,5249,반란,-2.0
18548,9226,억압,-2.0
22357,7738,시들하다,-2.0
13433,9418,엉터리,-2.0
22340,8509,아프다,-2.0
18597,8189,쓰리다,-2.0
18496,14334,흉하다,-2.0
8257,7255,소름,-2.0
8236,6299,비만,-2.0
15922,7972,싫다,-2.0
23471,6847,상한,-2.0
7709,9468,역겹다,-2.0
7723,8543,악몽,-2.0
23280,4889,무관심하다,-2.0
23221,14768,삐지다,-2.0
7725,7408,손해,-2.0
23213,10975,잔인하다,-2.0
23171,11861,좌절,-2.0
7836,1038,고통,-2.0
7953,8774,애석하다,-2.0
13674,12564,창피,-2.0
8060,13794,허접,-2.0
23095,10273,윽박,-2.0
8087,11191,재앙,-2.0
23038,5917,부조리,-2.0
23037,6384,비현실적,-2.0
22988,13929,혐오,-2.0
8145,659,건방지다,-2.0
22922,6170,불충분하다,-2.0
8227,6052,불건전,-2.0
